0.001 70
0.002 70
0.003 81.6667
0.004 91
0.005 87.5
0.006 90
0.007 80
0.008 88.5714
0.009 85.7143
0.01 88.125
0.011 92.2222
0.012 89.4444
0.013 85.4545
0.014 84.5833
0.015 78.4615
0.016 86.1538
0.017 87.6923
0.018 87.5
0.019 88.125
0.02 84.4118
0.021 84.4118
0.022 83.6842
0.023 85
0.024 86.7391
0.025 81.7308
0.026 89.6296
0.027 87.5926
0.028 86.2903
0.029 89.1935
0.03 88.0645
0.031 88.9706
0.032 87.0588
0.033 86
0.034 86.2857
0.035 87
0.036 85
0.037 87.7143
0.038 88.4286
0.039 89.2857
0.04 87.2973
0.041 86.625
0.042 87.7907
0.043 88.2558
0.044 85.1087
0.045 87.234
0.046 88.3333
0.047 87.6531
0.048 86.1538
0.049 85.4808
0.05 85.9615
0.051 86.9444
0.052 86.3393
0.053 86.5789
0.054 86.5517
0.055 86.3793
0.056 88.8136
0.057 86.8644
0.058 87.4167
0.059 87
0.06 88.5
0.061 87.25
0.062 87.5833
0.063 87.9032
0.064 87.5806
0.065 86.6154
0.066 86.9697
0.067 85.7246
0.068 85.4167
0.069 84.1667
0.07 85.1389
0.071 84.863
0.072 85
0.073 84.7368
0.074 84.2763
0.075 85.7143
0.076 85
0.077 85.3614
0.078 85.241
0.079 85.241
0.08 85.0602
0.081 86.1446
0.082 86.131
0.083 86
0.084 85.2326
0.085 86.3953
0.086 84.186
0.087 84.4318
0.088 85.625
0.089 85.3933
0.09 86.6854
0.091 84.8333
0.092 83.8462
0.093 84.9468
0.094 85.3191
0.095 86.3021
0.096 84.6907
0.097 84.3878
0.098 85.4082
0.099 84.3
0.1 84.0777
0.101 86.0096
0.102 86.2857
0.103 85
0.104 85.045
0.105 86.5625
0.106 85.9821
0.107 86.5625
0.108 85.354
0.109 85.6195
0.11 86.1842
0.111 85.8261
0.112 85.6466
0.113 85.3017
0.114 85.6466
0.115 86.2821
0.116 85.5932
0.117 85.9244
0.118 86.3333
0.119 85.125
0.12 85.4918
0.121 85.6504
0.122 85.5285
0.123 86.2097
0.124 84.76
0.125 85.04
0.126 85.12
0.127 84.4141
0.128 85.2713
0.129 85.7752
0.13 85.8846
0.131 86.3359
0.132 86.25
0.133 86.4015
0.134 85.8647
0.135 85.8647
0.136 85.6343
0.137 87.1642
0.138 85.1852
0.139 85.073
0.14 85.438
0.141 86.0432
0.142 86.5357
0.143 85.7092
0.144 85.4225
0.145 85.1056
0.146 84.931
0.147 85.3041
0.148 85.9934
0.149 84.9671
0.15 84.902
0.151 84.6104
0.152 84.8113
0.153 85.1258
0.154 85.0311
0.155 83.865
0.156 84.7546
0.157 84.8476
0.158 85.1212
0.159 85
0.16 85.3916
0.161 85.4217
0.162 85.753
0.163 85.241
0.164 86.0542
0.165 84.9405
0.166 85.7558
0.167 84.6802
0.168 85.2571
0.169 84.6857
0.17 84.9714
0.171 84.7429
0.172 84.8295
0.173 83.9548
0.174 84.3785
0.175 84.3503
0.176 84.7486
0.177 84.5556
0.178 84.2818
0.179 84.779
0.18 84.8077
0.181 84.7268
0.182 85
0.183 84.6216
0.184 83.7097
0.185 84.3011
0.186 84.4149
0.187 84.4764
0.188 84.6354
0.189 84.5663
0.19 84.1878
0.191 84.5226
0.192 84.375
0.193 84.505
0.194 84.5074
0.195 84.4878
0.196 84.3204
0.197 83.6019
0.198 84.4313
0.199 84.0845
0.2 84.1784
0.201 84.507
0.202 84.0465
0.203 83.9302
0.204 83.7907
0.205 84.8618
0.206 84.6083
0.207 84.5642
0.208 84.3379
0.209 83.0667
0.21 84.1372
0.211 84.3172
0.212 84.3202
0.213 84.4372
0.214 84.4181
0.215 85.0431
0.216 83.8147
0.217 84.1595
0.218 83.0687
0.219 83.766
0.22 83.9619
0.221 84.2797
0.222 85.0636
0.223 85.063
0.224 84.937
0.225 85.042
0.226 84.5378
0.227 84.728
0.228 85.0833
0.229 84.8333
0.23 84.0041
0.231 85.2469
0.232 85.5285
0.233 85.668
0.234 85.5263
0.235 85.34
0.236 85.78
0.237 85.5357
0.238 85.6299
0.239 85.4297
0.24 85.8008
0.241 85.6445
0.242 85.7588
0.243 85.856
0.244 85.5019
0.245 85.5385
0.246 85.6513
0.247 86.126
0.248 85.6679
0.249 85.6464
0.25 85.4511
0.251 84.8502
0.252 85.5431
0.253 85.653
0.254 85.3717
0.255 85.6777
0.256 86.5751
0.257 86.0256
0.258 84.9084
0.259 85.4545
0.26 84.8913
0.261 85.3417
0.262 85.9609
0.263 85.4255
0.264 86.6844
0.265 87.2163
0.266 86.5071
0.267 86.4261
0.268 86.4808
0.269 85.9549
0.27 86.7414
0.271 86.1168
0.272 86.4041
0.273 86.3729
0.274 86.0508
0.275 86.9088
0.276 86.4696
0.277 86.1913
0.278 85.7692
0.279 86.9064
0.28 85.6167
0.281 86.3289
0.282 86.1424
0.283 86.3036
0.284 86.4967
0.285 86.6393
0.286 87.1475
0.287 86.9608
0.288 86.9055
0.289 86.645
0.29 86.5696
0.291 86.5484
0.292 86.0096
0.293 86.3462
0.294 86.4537
0.295 86.6933
0.296 86.6294
0.297 87.5
0.298 86.7834
0.299 86.962
0.3 86.6562
0.301 86.9243
0.302 86.4151
0.303 86.7241
0.304 87.4451
0.305 87.116
0.306 87.1003
0.307 86.9375
0.308 86.9219
0.309 86.6406
0.31 86.7812
0.311 86.9782
0.312 87.7259
0.313 86.8692
0.314 86.7747
0.315 86.9538
0.316 87.6534
0.317 87.0884
0.318 86.9453
0.319 87.386
0.32 86.3982
0.321 86.459
0.322 86.7629
0.323 87.2576
0.324 86.6061
0.325 87.4091
0.326 87.1171
0.327 86.5766
0.328 87.2006
0.329 87.6497
0.33 86.9403
0.331 86.5075
0.332 86.9792
0.333 86.8491
0.334 86.213
0.335 86.2537
0.336 86.9412
0.337 86.6374
0.338 86.3848
0.339 86.7919
0.34 86.8012
0.341 87.3199
0.342 87.5144
0.343 87.0833
0.344 86.9
0.345 86.5571
0.346 86.0227
0.347 86.1615
0.348 86.2853
0.349 86.7514
0.35 86.2958
0.351 86.6573
0.352 86.5309
0.353 86.7367
0.354 86.6156
0.355 86.7175
0.356 87.2099
0.357 86.978
0.358 87.1016
0.359 87.8571
0.36 87.269
0.361 87.2962
0.362 87.5474
0.363 87.4661
0.364 87.965
0.365 87.7089
0.366 87.6944
0.367 87.2
0.368 86.9467
0.369 86.6048
0.37 87.2487
0.371 86.7282
0.372 87.0844
0.373 86.6887
0.374 86.1214
0.375 87.0526
0.376 86.1518
0.377 87.0419
0.378 86.3055
0.379 87.1354
0.38 87.4479
0.381 86.7876
0.382 87.2165
0.383 87.3008
0.384 86.5473
0.385 86.7519
0.386 87.2379
0.387 87.2506
0.388 87.6343
0.389 87.1556
0.39 87.5827
0.391 86.9338
0.392 87.43
0.393 87.3038
0.394 87.2475
0.395 87.2166
0.396 86.8342
0.397 86.9975
0.398 86.7965
0.399 87.2236
0.4 87.3367
