0.001 110
0.002 96.6667
0.003 85
0.004 101.429
0.005 106.429
0.006 95.5
0.007 99.0909
0.008 101.667
0.009 101.154
0.01 96.25
0.011 105
0.012 94.2857
0.013 106.591
0.014 103.478
0.015 98.2609
0.016 98
0.017 97.5
0.018 100
0.019 103.214
0.02 102.143
0.021 99.0323
0.022 103.382
0.023 99.7368
0.024 100.122
0.025 101.591
0.026 99.8913
0.027 100.833
0.028 102.604
0.029 100.849
0.03 100.909
0.031 102.364
0.032 103.362
0.033 102.787
0.034 102.698
0.035 102.615
0.036 99.3284
0.037 101.544
0.038 99.2857
0.039 99.5
0.04 100.141
0.041 103.403
0.042 102.847
0.043 98.4932
0.044 98.2432
0.045 98.6667
0.046 98.8158
0.047 98.5714
0.048 103.081
0.049 104.942
0.05 105.172
0.051 107.955
0.052 102.967
0.053 100.435
0.054 100.052
0.055 101.959
0.056 99.3434
0.057 99.2079
0.058 99.0291
0.059 100.81
0.06 99.1204
0.061 100.138
0.062 97.6606
0.063 101.773
0.064 101.318
0.065 101.339
0.066 101.018
0.067 100.991
0.068 101.368
0.069 97.6068
0.07 98.7712
0.071 99.1525
0.072 98.4034
0.073 98.3333
0.074 99.5968
0.075 99.4141
0.076 100.992
0.077 101.828
0.078 101.296
0.079 100.036
0.08 101.884
0.081 101.464
0.082 100.284
0.083 98.8621
0.084 100.274
0.085 100.514
0.086 97.6667
0.087 98.125
0.088 98.0844
0.089 100.063
0.09 100.158
0.091 99.3711
0.092 97.963
0.093 97.1296
0.094 98.303
0.095 96.8675
0.096 98.1437
0.097 98.6471
0.098 98.2164
0.099 99.7126
0.1 98.5143
0.101 96.7514
0.102 97.1547
0.103 98.022
0.104 98.3967
0.105 99.8118
0.106 100.134
0.107 100.403
0.108 100.691
0.109 98.5789
0.11 98.2723
0.111 98.534
0.112 99.555
0.113 99.5619
0.114 100.328
0.115 100.125
0.116 100.52
0.117 101.286
0.118 99.6635
0.119 100.5
0.12 99.4762
0.121 100.167
0.122 98.5782
0.123 98.981
0.124 97.5814
0.125 98.1628
0.126 97.5
0.127 97.5114
0.128 97.6682
0.129 96.8913
0.13 94.8712
0.131 94.7257
0.132 95.7353
0.133 97.6261
0.134 96.1875
0.135 96.626
0.136 96.748
0.137 96.8219
0.138 97.0363
0.139 96.3105
0.14 95.8765
0.141 96.1706
0.142 94.6109
0.143 95.6615
0.144 95.4845
0.145 97.1731
0.146 98.0192
0.147 96.4231
0.148 95.1331
0.149 95.5114
0.15 96.4232
0.151 96.5242
0.152 97.2794
0.153 95.8696
0.154 96.4801
0.155 97.25
0.156 96.4716
0.157 96.1579
0.158 95.3147
0.159 95.9582
0.16 97.457
0.161 96.7406
0.162 96.3898
0.163 95.6926
0.164 96.1616
0.165 96.4478
0.166 96.1111
0.167 96.1074
0.168 95.5537
0.169 97.4415
0.17 97.5083
0.171 97.5822
0.172 96.3192
0.173 95.7581
0.174 95.6592
0.175 95.2866
0.176 94.4444
0.177 95
0.178 94.9527
0.179 94.5781
0.18 94.891
0.181 96.4286
0.182 96.3426
0.183 96.5278
0.184 97.6758
0.185 95.7951
0.186 94.5606
0.187 94.4562
0.188 94.1467
0.189 95.2985
0.19 94.6893
0.191 94.5723
0.192 95.3363
0.193 96.8222
0.194 96.2464
0.195 96.7536
0.196 96.4943
0.197 96.9658
0.198 95.4802
0.199 95.6583
0.2 95.9358
0.201 96.0585
0.202 95.467
0.203 95.888
0.204 96.3995
0.205 95.6216
0.206 96.0349
0.207 96.4706
0.208 96.0212
0.209 95.5263
0.21 95.9031
0.211 97.1671
0.212 96.5674
0.213 97.9487
0.214 95.8929
0.215 96.1519
0.216 95.8081
0.217 95.1866
0.218 95.8209
0.219 95.4084
0.22 95.1601
0.221 94.8407
0.222 95.9512
0.223 95.6341
0.224 95.3148
0.225 95.0241
0.226 95.7536
0.227 96.2382
0.228 96.162
0.229 97.4942
0.23 96.2037
0.231 96.6782
0.232 95.7931
0.233 95.8851
0.234 97.4483
0.235 95.8506
0.236 96.6477
0.237 96.1591
0.238 96.9048
0.239 95.1923
0.24 96.5506
0.241 95.9556
0.242 95.8425
0.243 95.7642
0.244 96.1438
0.245 95.7701
0.246 95.3441
0.247 95.0962
0.248 94.766
0.249 95.6554
0.25 95.9789
0.251 95.3033
0.252 94.728
0.253 95.261
0.254 96.639
0.255 95.4713
0.256 95.6544
0.257 95.7551
0.258 95.6606
0.259 95.4057
0.26 95.2834
0.261 95.4829
0.262 96.0643
0.263 96.0521
0.264 96.64
0.265 96.1554
0.266 96.4286
0.267 96.0693
0.268 95.7791
0.269 96.8762
0.27 95.6569
0.271 95.8203
0.272 96.8129
0.273 95.1848
0.274 96.5146
0.275 95.473
0.276 95.9656
0.277 96.7776
0.278 95.3025
0.279 97.0904
0.28 96.0187
0.281 95.1024
0.282 96.1019
0.283 96.6236
0.284 95.6342
0.285 95.9633
0.286 96.4991
0.287 96.8522
0.288 96.4208
0.289 98.051
0.29 97.2091
0.291 95.6703
0.292 95.5325
0.293 95.1971
0.294 95.5179
0.295 96.5569
0.296 96.9858
0.297 96.8584
0.298 96.6958
0.299 97.0906
0.3 96.1698
0.301 96.072
0.302 96.4274
0.303 96.9492
0.304 96.7458
0.305 95.7939
0.306 95.7718
0.307 95.8083
0.308 94.5439
0.309 95.4215
0.31 95.2397
0.311 95.972
0.312 94.4016
0.313 94.6563
0.314 94.1489
0.315 95.0244
0.316 93.2873
0.317 94.295
0.318 94.75
0.319 95.4919
0.32 95.5778
0.321 94.8478
0.322 94.0096
0.323 94.0844
0.324 95.2133
0.325 95.566
0.326 94.7884
0.327 95.2873
0.328 95.774
0.329 95.8655
0.33 96.7308
0.331 95.0842
0.332 94.4946
0.333 94.9464
0.334 95.0382
0.335 95.1976
0.336 94.7803
0.337 93.472
0.338 93.8102
0.339 94.6015
0.34 94.6702
0.341 95.7452
0.342 94.7094
0.343 94.0774
0.344 93.3581
0.345 93.3185
0.346 93.9749
0.347 94.4714
0.348 94.3421
0.349 93.7573
0.35 94.1764
0.351 93.8897
0.352 93.6179
0.353 94.8772
0.354 94.733
0.355 93.9281
0.356 94.0057
0.357 93.9016
0.358 94.1477
0.359 95.7305
0.36 95.4597
0.361 95.3173
0.362 95.4916
0.363 94.3315
0.364 94.1864
0.365 94.1817
0.366 94.6537
0.367 93.5262
0.368 93.9163
0.369 93.2808
0.37 93.5831
0.371 93.0176
0.372 94.1914
0.373 92.8427
0.374 93.5188
0.375 93.2844
0.376 92.8296
0.377 94.004
0.378 94.3037
0.379 94.2989
0.38 94.1083
0.381 93.3971
0.382 94.2585
0.383 94.6461
0.384 94.3775
0.385 94.5686
0.386 94.2578
0.387 95.1821
0.388 94.0415
0.389 95.9314
0.39 95.6
0.391 93.7725
0.392 94.1463
0.393 94.0256
0.394 94.3997
0.395 94.4515
0.396 93.3758
0.397 94.4459
0.398 95.3621
0.399 94.6582
0.4 94.5954
